crystalcontacts #2.1 distance 5
43 pairs of asymmetric units of 1cwp #1 contact at distance 5.0 A
  Atoms  MTRIX  SMTRY   Unit cell  MTRIXref  Copies
   431     5      0      0  0  0      0        30
   368     4      0      0  0  0      0        12
   364     1      0      0  0  0      0        48
   197    27      3      0  0  0      8         1
   186     8      3     -1  0  0     27         1
    91    16      3      0  0  0     53         1
    90    16      3      0  0  0     54         1
    89    53      3     -1  0  0     16         1
    76    54      3     -1  0  0     16         1
    58     9      3     -1  0  0     16         1
    54    16      3      0  0  0      9         1
    52    27      3      0  0  0     54         1
    51     4      3     -1 -1  0     11         1
    42    38      1     -1  0  0     43         1
    42    46      3      0 -1  0     33         1
    42    54      3     -1  0  0     27         1
    41    43      1     -1  0 -1     38         1
    40    33      3     -1 -1  0     46         1
    38    11      3      0 -1  0      4         1
    26    16      3      0  0  0      8         1
    23    12      3      0 -1  0     33         1
    22    33      3     -1 -1  0     12         1
    20     8      3     -1  0  0     16         1
    16    12      3      0 -1  0      4         1
    15    41      2      0  0  0     20         1
    15     9      0      0  0  0      0        30
    13    22      0      0  0  0      0        30
    12    33      0      0  0  0      0        30
     9     6      0      0  0  0      0        30
     8    20      2      0 -1  0     41         1
     7     8      3     -1  0  0     26         1
     7     4      3     -1 -1  0     12         1
     7    26      3      0  0  0      8         1
     6    59      2      0 -1 -1     30         1
     6    53      3     -1  0  0     15         1
     4    15      3      0  0  0     53         1
     4    20      2      0 -1  0     49         1
     3    30      2      0  0 -1     59         1
     3    49      2      0  0  0     20         1
     3    32      0      0  0  0      0        30
     2     9      3     -1  0  0     26         1
     2    26      3      0  0  0      9         1
     2    23      0      0  0  0      0        30

NCS matrix 1 is not orthogonal, tolerance 0.001
0.60429 -0.76666 -0.21477 1.03963
0.31715 0.48057 -0.81800 2.70600
0.73064 0.42683 0.53317 1.16656
matrix times transpose =
0.99906 -0.00110 -0.00022 0.00000
-0.00110 1.00066 0.00071 0.00000
-0.00022 0.00071 1.00028 0.00000
NCS matrix 2 is not orthogonal, tolerance 0.001
-0.03489 -0.92338 0.38284 -0.65725
-0.25359 -0.36135 -0.89736 3.38189
0.96644 -0.12745 -0.22179 3.70313
matrix times transpose =
1.00042 -0.00103 -0.00095 0.00000
-0.00103 1.00013 -0.00000 0.00000
-0.00095 -0.00000 0.99945 0.00000
NCS matrix 3 is not orthogonal, tolerance 0.001
-0.03423 -0.25359 0.96694 -2.74560
-0.92349 -0.36225 -0.12840 1.09361
0.38154 -0.89685 -0.22156 4.10425
matrix times transpose =
1.00046 -0.00068 0.00014 0.00000
-0.00068 1.00055 0.00098 0.00000
0.00014 0.00098 0.99899 0.00000
NCS matrix 6 is not orthogonal, tolerance 0.001
0.77882 -0.53221 0.33180 0.59497
-0.53161 -0.27918 0.79986 1.42869
-0.33436 -0.79896 -0.49964 2.02774
matrix times transpose =
0.99990 -0.00005 -0.00097 0.00000
-0.00005 1.00032 0.00116 0.00000
-0.00097 0.00116 0.99978 0.00000
NCS matrix 8 is not orthogonal, tolerance 0.001
0.42845 -0.56913 0.70216 -0.48808
0.86236 0.48981 -0.13040 3.79591
-0.26860 0.66113 0.69977 -2.30476
matrix times transpose =
1.00050 -0.00084 -0.00000 0.00000
-0.00084 1.00059 0.00096 0.00000
-0.00000 0.00096 0.99891 0.00000
NCS matrix 11 is not orthogonal, tolerance 0.001
-0.64399 0.67291 -0.36386 -6.10067
-0.41275 -0.70630 -0.57528 3.66274
-0.64381 -0.22181 0.73226 -1.04475
matrix times transpose =
0.99993 -0.00015 -0.00109 0.00000
-0.00015 1.00017 0.00114 0.00000
-0.00109 0.00114 0.99990 0.00000
NCS matrix 12 is not orthogonal, tolerance 0.001
-0.44160 0.66179 -0.60613 -5.37376
-0.89375 -0.26853 0.35968 0.65127
0.07562 0.69954 0.71013 -1.46006
matrix times transpose =
1.00038 -0.00105 -0.00088 0.00000
-0.00105 1.00027 -0.00002 0.00000
-0.00088 -0.00002 0.99936 0.00000
NCS matrix 14 is not orthogonal, tolerance 0.001
-0.73821 0.24588 -0.62849 -5.09000
0.44690 0.87647 -0.18096 1.66248
0.50626 -0.41311 -0.75629 3.48572
matrix times transpose =
1.00041 -0.00067 0.00001 0.00000
-0.00067 1.00066 0.00103 0.00000
0.00001 0.00103 0.99893 0.00000
NCS matrix 16 is not orthogonal, tolerance 0.001
-0.73912 0.62596 0.24683 -6.58923
0.62720 0.50491 0.59342 2.69297
0.24754 0.59394 -0.76579 0.13497
matrix times transpose =
0.99905 -0.00105 -0.00020 0.00000
-0.00105 1.00047 0.00071 0.00000
-0.00020 0.00071 1.00048 0.00000
NCS matrix 18 is not orthogonal, tolerance 0.001
0.10560 0.42484 -0.89942 -3.07248
0.42358 -0.83723 -0.34459 6.18583
-0.89935 -0.34559 -0.26837 -0.85491
matrix times transpose =
1.00059 -0.00104 -0.00042 0.00000
-0.00104 0.99912 0.00087 0.00000
-0.00042 0.00087 1.00029 0.00000
NCS matrix 19 is not orthogonal, tolerance 0.001
-0.45859 -0.26069 -0.84975 -2.86229
-0.26133 -0.87417 0.41016 3.95866
-0.84916 0.40887 0.33276 -3.03814
matrix times transpose =
1.00033 -0.00080 0.00007 0.00000
-0.00080 1.00070 0.00098 0.00000
0.00007 0.00098 0.99897 0.00000
NCS matrix 22 is not orthogonal, tolerance 0.001
0.59191 0.58175 0.55816 -2.97236
-0.30219 -0.48288 0.82230 2.58417
0.74686 -0.65521 -0.10903 4.41595
matrix times transpose =
1.00034 -0.00082 0.00005 0.00000
-0.00082 1.00067 0.00104 0.00000
0.00005 0.00104 0.99899 0.00000
NCS matrix 23 is not orthogonal, tolerance 0.001
0.95000 0.06401 -0.30541 -0.13164
0.26504 0.35060 0.89833 1.92259
0.16386 -0.93400 0.31743 3.29221
matrix times transpose =
0.99988 -0.00012 -0.00107 0.00000
-0.00012 1.00016 0.00113 0.00000
-0.00107 0.00113 0.99997 0.00000
NCS matrix 24 is not orthogonal, tolerance 0.001
0.37124 -0.82792 -0.41923 0.67296
0.92771 0.34872 0.13525 4.19481
0.03472 -0.43898 0.89807 1.30546
matrix times transpose =
0.99902 -0.00101 -0.00016 0.00000
-0.00101 1.00054 0.00059 0.00000
-0.00016 0.00059 1.00044 0.00000
NCS matrix 25 is not orthogonal, tolerance 0.001
0.15683 0.89044 -0.42788 -4.42128
0.54476 0.28269 0.78981 2.93575
0.82394 -0.35625 -0.43951 4.03368
matrix times transpose =
1.00056 -0.00079 0.00006 0.00000
-0.00079 1.00048 0.00101 0.00000
0.00006 0.00101 0.99897 0.00000
NCS matrix 26 is not orthogonal, tolerance 0.001
0.06456 0.12506 -0.99020 -2.34784
0.99591 0.05532 0.07287 5.18841
0.06379 -0.99048 -0.11988 3.41354
matrix times transpose =
1.00030 -0.00095 -0.00104 0.00000
-0.00095 1.00021 -0.00000 0.00000
-0.00104 -0.00000 0.99949 0.00000
NCS matrix 28 is not orthogonal, tolerance 0.001
-0.99094 0.02140 0.13211 -5.63418
0.02164 -0.94889 0.31546 4.99081
0.13310 0.31428 0.93983 -0.42202
matrix times transpose =
0.99986 -0.00008 -0.00100 0.00000
-0.00008 1.00038 0.00114 0.00000
-0.00100 0.00114 0.99976 0.00000
NCS matrix 29 is not orthogonal, tolerance 0.001
-0.49550 0.82638 0.26575 -6.45235
-0.05737 -0.33795 0.93974 2.81362
0.86677 0.45014 0.21542 1.66317
matrix times transpose =
0.99905 -0.00111 -0.00025 0.00000
-0.00111 1.00062 0.00058 0.00000
-0.00025 0.00058 1.00033 0.00000
NCS matrix 30 is not orthogonal, tolerance 0.001
-0.21439 -0.48457 0.84843 -2.57009
-0.68336 0.69461 0.22285 -1.21506
-0.69806 -0.53138 -0.48023 0.30969
matrix times transpose =
1.00061 -0.00101 -0.00029 0.00000
-0.00101 0.99913 0.00090 0.00000
-0.00029 0.00090 1.00026 0.00000
NCS matrix 31 is not orthogonal, tolerance 0.001
0.33666 0.29363 0.89478 -3.11447
-0.02983 0.95283 -0.30262 0.21410
-0.94123 0.07483 0.32855 -2.41415
matrix times transpose =
1.00020 -0.00104 -0.00092 0.00000
-0.00104 1.00035 -0.00005 0.00000
-0.00092 -0.00005 0.99945 0.00000
NCS matrix 32 is not orthogonal, tolerance 0.001
0.95033 0.26493 0.16458 -0.92609
0.06306 0.35160 -0.93436 2.40842
-0.30500 0.89779 0.31610 -2.80692
matrix times transpose =
1.00040 -0.00070 0.00003 0.00000
-0.00070 1.00063 0.00108 0.00000
0.00003 0.00108 0.99898 0.00000
NCS matrix 33 is not orthogonal, tolerance 0.001
0.77855 -0.53101 -0.33306 0.97079
-0.53305 -0.27819 -0.79933 2.33544
0.33139 0.80020 -0.50036 -0.32581
matrix times transpose =
0.99904 -0.00106 -0.00027 0.00000
-0.00106 1.00047 0.00070 0.00000
-0.00027 0.00070 1.00050 0.00000
NCS matrix 34 is not orthogonal, tolerance 0.001
0.05871 -0.99422 0.08958 -0.04526
-0.99437 -0.06620 -0.08414 0.09600
0.08846 -0.08307 -0.99251 1.60035
matrix times transpose =
0.99996 -0.00010 -0.00112 0.00000
-0.00010 1.00023 0.00104 0.00000
-0.00112 0.00104 0.99981 0.00000
NCS matrix 38 is not orthogonal, tolerance 0.001
-0.73762 0.44559 0.50636 -6.26027
0.24637 0.87648 -0.41446 1.24156
-0.62834 -0.18049 -0.75690 -0.25986
matrix times transpose =
0.99903 -0.00104 -0.00021 0.00000
-0.00104 1.00069 0.00071 0.00000
-0.00021 0.00071 1.00028 0.00000
NCS matrix 39 is not orthogonal, tolerance 0.001
0.06555 0.99576 0.06390 -5.23065
0.12404 0.05543 -0.99085 3.38596
-0.98996 0.07192 -0.12097 -2.28447
matrix times transpose =
0.99992 0.00001 -0.00100 0.00000
0.00001 1.00025 0.00106 0.00000
-0.00100 0.00106 0.99983 0.00000
NCS matrix 40 is not orthogonal, tolerance 0.001
-0.34343 0.76988 0.53697 -6.03879
-0.86130 -0.48730 0.14590 1.43679
0.37361 -0.41316 0.83074 2.21282
matrix times transpose =
0.99900 -0.00102 -0.00032 0.00000
-0.00102 1.00059 0.00075 0.00000
-0.00032 0.00075 1.00041 0.00000
NCS matrix 42 is not orthogonal, tolerance 0.001
0.33569 -0.02951 -0.94144 -1.22094
0.29463 0.95280 0.07519 0.89515
0.89460 -0.30157 0.32954 3.64632
matrix times transpose =
0.99986 0.00000 -0.00103 0.00000
0.00000 1.00030 0.00102 0.00000
-0.00103 0.00102 0.99984 0.00000
NCS matrix 43 is not orthogonal, tolerance 0.001
-0.49435 -0.67338 -0.54990 -2.05006
0.53516 0.26410 -0.80259 3.86746
0.68573 -0.69012 0.23025 4.14476
matrix times transpose =
1.00021 -0.00105 -0.00090 0.00000
-0.00105 1.00029 -0.00008 0.00000
-0.00090 -0.00008 0.99950 0.00000
NCS matrix 45 is not orthogonal, tolerance 0.001
-0.21516 -0.68354 -0.69732 -1.16756
-0.48373 0.69521 -0.53201 -0.23374
0.84800 0.22433 -0.48005 2.60069
matrix times transpose =
0.99977 -0.00015 -0.00104 0.00000
-0.00015 1.00034 0.00115 0.00000
-0.00104 0.00115 0.99989 0.00000
NCS matrix 46 is not orthogonal, tolerance 0.001
-0.85629 -0.46117 0.23356 -4.05437
-0.46053 0.47787 -0.74845 0.52397
0.23285 -0.74722 -0.62158 3.52934
matrix times transpose =
1.00046 -0.00084 0.00004 0.00000
-0.00084 1.00062 0.00091 0.00000
0.00004 0.00091 0.99892 0.00000
NCS matrix 47 is not orthogonal, tolerance 0.001
-0.49307 0.53454 0.68567 -5.92008
-0.67358 0.26326 -0.69105 0.46520
-0.55042 -0.80291 0.22981 1.02432
matrix times transpose =
0.99900 -0.00099 -0.00022 0.00000
-0.00099 1.00056 0.00057 0.00000
-0.00022 0.00057 1.00045 0.00000
NCS matrix 48 is not orthogonal, tolerance 0.001
0.37255 0.92756 0.03422 -4.18633
-0.82845 0.34796 -0.43913 -0.32884
-0.41936 0.13422 0.89753 -1.45251
matrix times transpose =
1.00034 -0.00091 -0.00102 0.00000
-0.00091 1.00024 -0.00001 0.00000
-0.00102 -0.00001 0.99943 0.00000
NCS matrix 50 is not orthogonal, tolerance 0.001
0.40147 -0.63014 -0.66389 0.37752
0.45484 -0.49152 0.74306 4.74438
-0.79462 -0.60071 0.09006 -0.10107
matrix times transpose =
0.99899 -0.00098 -0.00027 0.00000
-0.00098 1.00062 0.00076 0.00000
-0.00027 0.00076 1.00039 0.00000
NCS matrix 51 is not orthogonal, tolerance 0.001
-0.44231 -0.89398 0.07527 -1.68473
0.66188 -0.26775 0.70057 4.75401
-0.60490 0.35896 0.71006 -2.44766
matrix times transpose =
1.00049 -0.00066 0.00010 0.00000
-0.00066 1.00057 0.00096 0.00000
0.00010 0.00096 0.99895 0.00000
NCS matrix 52 is not orthogonal, tolerance 0.001
-0.49582 -0.05839 0.86640 -4.47586
0.82691 -0.33709 0.45040 5.53482
0.26710 0.93933 0.21487 -1.27686
matrix times transpose =
0.99989 -0.00009 -0.00112 0.00000
-0.00009 1.00026 0.00101 0.00000
-0.00112 0.00101 0.99986 0.00000
NCS matrix 54 is not orthogonal, tolerance 0.001
0.86943 0.36851 -0.32958 -1.13908
0.49191 -0.69915 0.51916 5.51924
-0.03987 -0.61345 -0.78832 2.52000
matrix times transpose =
1.00033 -0.00106 -0.00092 0.00000
-0.00106 1.00032 0.00002 0.00000
-0.00092 0.00002 0.99935 0.00000
NCS matrix 55 is not orthogonal, tolerance 0.001
0.15712 0.54379 0.82424 -4.22646
0.89019 0.28362 -0.35695 4.54298
-0.42699 0.78954 -0.44074 -2.42792
matrix times transpose =
0.99977 -0.00012 -0.00102 0.00000
-0.00012 1.00029 0.00115 0.00000
-0.00102 0.00115 0.99995 0.00000
NCS matrix 57 is not orthogonal, tolerance 0.001
0.65319 -0.44664 -0.61063 0.56158
-0.44796 -0.87898 0.16546 3.59522
-0.61127 0.16515 -0.77422 -1.10926
matrix times transpose =
0.99902 -0.00106 -0.00028 0.00000
-0.00106 1.00065 0.00057 0.00000
-0.00028 0.00057 1.00034 0.00000
NCS matrix 59 is not orthogonal, tolerance 0.001
-0.49967 -0.36393 0.78629 -3.63945
0.39844 0.71017 0.58056 1.52976
-0.76879 0.60344 -0.21050 -3.01602
matrix times transpose =
1.00037 -0.00105 -0.00099 0.00000
-0.00105 1.00015 0.00002 0.00000
-0.00099 0.00002 0.99948 0.00000

hbonds sel restrict cross reveal true log true
Finding intermodel H-bonds
Finding intramodel H-bonds
Constraints relaxed by 0.4 angstroms and 20 degrees
Models used:
	2.1 1cwp #1
	2.2 1cwp #2
	2.3 1cwp #3
	2.4 1cwp #4
	4.1 1cwp #1 0 0 0 sym 0 ncs 5
	4.2 1cwp #1 0 0 0 sym 0 ncs 4
	4.3 1cwp #1 0 0 0 sym 0 ncs 1
	4.4 1cwp #1 0 0 0 sym 0 ncs 8
	4.5 1cwp #1 0 0 0 sym 3 ncs 27
	4.6 1cwp #1 0 0 0 sym 0 ncs 27
	4.7 1cwp #1 -1 0 0 sym 3 ncs 8
	4.8 1cwp #1 0 0 0 sym 0 ncs 53
	4.9 1cwp #1 0 0 0 sym 3 ncs 16
	4.10 1cwp #1 0 0 0 sym 0 ncs 54
	4.11 1cwp #1 0 0 0 sym 0 ncs 16
	4.12 1cwp #1 -1 0 0 sym 3 ncs 53
	4.13 1cwp #1 -1 0 0 sym 3 ncs 54
	4.14 1cwp #1 -1 0 0 sym 3 ncs 9
	4.15 1cwp #1 0 0 0 sym 0 ncs 9
	4.16 1cwp #1 0 0 0 sym 0 ncs 11
	4.17 1cwp #1 -1 -1 0 sym 3 ncs 4
	4.18 1cwp #1 0 0 0 sym 0 ncs 43
	4.19 1cwp #1 -1 0 0 sym 1 ncs 38
	4.20 1cwp #1 0 0 0 sym 0 ncs 33
	4.21 1cwp #1 0 -1 0 sym 3 ncs 46
	4.22 1cwp #1 0 0 0 sym 0 ncs 38
	4.23 1cwp #1 -1 0 -1 sym 1 ncs 43
	4.24 1cwp #1 0 0 0 sym 0 ncs 46
	4.25 1cwp #1 -1 -1 0 sym 3 ncs 33
	4.26 1cwp #1 0 -1 0 sym 3 ncs 11
	4.27 1cwp #1 0 -1 0 sym 3 ncs 12
	4.28 1cwp #1 0 0 0 sym 0 ncs 12
	4.29 1cwp #1 0 0 0 sym 0 ncs 20
	4.30 1cwp #1 0 0 0 sym 2 ncs 41
	4.31 1cwp #1 0 0 0 sym 0 ncs 22
	4.32 1cwp #1 0 0 0 sym 0 ncs 6
	4.33 1cwp #1 0 0 0 sym 0 ncs 41
	4.34 1cwp #1 0 -1 0 sym 2 ncs 20
	4.35 1cwp #1 0 0 0 sym 0 ncs 26
	4.36 1cwp #1 0 0 0 sym 3 ncs 26
	4.37 1cwp #1 0 0 0 sym 0 ncs 30
	4.38 1cwp #1 0 -1 -1 sym 2 ncs 59
	4.39 1cwp #1 0 0 0 sym 0 ncs 15
	4.40 1cwp #1 0 0 0 sym 3 ncs 15
	4.41 1cwp #1 0 0 0 sym 0 ncs 49
	4.42 1cwp #1 0 0 0 sym 0 ncs 59
	4.43 1cwp #1 0 0 -1 sym 2 ncs 30
	4.44 1cwp #1 0 0 0 sym 2 ncs 49
	4.45 1cwp #1 0 0 0 sym 0 ncs 32
	4.46 1cwp #1 0 0 0 sym 0 ncs 23

94 H-bonds
H-bonds (donor, acceptor, hydrogen, D..A dist, D-H..A dist):
1cwp #1 #2.1/A ALA 46 N                       1cwp #1 0 0 0 sym 0 ncs 4 #4.2/B ASP 184 O    no hydrogen  2.690  N/A
1cwp #1 #2.1/A VAL 52 N                       1cwp #1 0 0 0 sym 0 ncs 4 #4.2/B ASP 183 O    no hydrogen  2.980  N/A
1cwp #1 #2.1/A LYS 54 NZ                      1cwp #1 0 0 0 sym 0 ncs 4 #4.2/B SER 185 O    no hydrogen  3.351  N/A
1cwp #1 #2.1/A GLN 121 NE2                    1cwp #1 0 0 0 sym 0 ncs 1 #4.3/A GLY 167 O    no hydrogen  2.964  N/A
1cwp #1 #2.1/A GLN 121 NE2                    1cwp #1 0 0 0 sym 0 ncs 1 #4.3/A ASP 168 O    no hydrogen  3.324  N/A
1cwp #1 #2.1/A LYS 131 NZ                     1cwp #1 0 0 0 sym 0 ncs 1 #4.3/A ASN 129 O    no hydrogen  3.125  N/A
1cwp #1 #2.1/A LYS 131 NZ                     1cwp #1 0 0 0 sym 0 ncs 1 #4.3/A LYS 131 O    no hydrogen  2.427  N/A
1cwp #1 #2.1/A PHE 186 N                      1cwp #1 0 0 0 sym 0 ncs 4 #4.2/B ILE 44 O     no hydrogen  2.846  N/A
1cwp #1 #2.1/A THR 187 N                      1cwp #1 0 0 0 sym 0 ncs 4 #4.2/B GLU 174 OE1  no hydrogen  2.997  N/A
1cwp #1 #2.1/A THR 187 OG1                    1cwp #1 0 0 0 sym 0 ncs 4 #4.2/B GLU 174 OE1  no hydrogen  3.461  N/A
1cwp #1 #2.1/A THR 187 OG1                    1cwp #1 0 0 0 sym 0 ncs 4 #4.2/B GLU 174 OE2  no hydrogen  2.794  N/A
1cwp #1 #2.1/B GLN 29 N                       1cwp #1 0 0 0 sym 0 ncs 1 #4.3/C PRO 30 O     no hydrogen  2.912  N/A
1cwp #1 #2.1/B GLN 29 NE2                     1cwp #1 0 0 0 sym 0 ncs 5 #4.1/C VAL 27 O     no hydrogen  2.898  N/A
1cwp #1 #2.1/B VAL 31 N                       1cwp #1 0 0 0 sym 0 ncs 1 #4.3/C ILE 32 O     no hydrogen  2.703  N/A
1cwp #1 #2.1/B ILE 32 N                       1cwp #1 0 0 0 sym 0 ncs 5 #4.1/C GLN 29 O     no hydrogen  3.192  N/A
1cwp #1 #2.1/B GLU 34 N                       1cwp #1 0 0 0 sym 0 ncs 5 #4.1/C VAL 31 O     no hydrogen  3.036  N/A
1cwp #1 #2.1/B SER 38 OG                      1cwp #1 0 0 0 sym 0 ncs 1 #4.3/C VAL 126 O    no hydrogen  3.248  N/A
1cwp #1 #2.1/B SER 38 OG                      1cwp #1 0 0 0 sym 0 ncs 1 #4.3/C ALA 135 O    no hydrogen  3.482  N/A
1cwp #1 #2.1/B LYS 42 N                       1cwp #1 0 0 0 sym 0 ncs 5 #4.1/C GLU 34 OE1   no hydrogen  3.131  N/A
1cwp #1 #2.1/B ALA 46 N                       1cwp #1 0 0 0 sym 0 ncs 1 #4.3/A ASP 184 O    no hydrogen  2.668  N/A
1cwp #1 #2.1/B VAL 52 N                       1cwp #1 0 0 0 sym 0 ncs 1 #4.3/A ASP 183 O    no hydrogen  2.616  N/A
1cwp #1 #2.1/B LYS 54 NZ                      1cwp #1 0 0 0 sym 0 ncs 1 #4.3/A SER 185 O    no hydrogen  3.299  N/A
1cwp #1 #2.1/B GLN 121 NE2                    1cwp #1 0 0 0 sym 0 ncs 5 #4.1/C GLY 167 O    no hydrogen  3.651  N/A
1cwp #1 #2.1/B GLN 121 NE2                    1cwp #1 0 0 0 sym 0 ncs 5 #4.1/C ASP 168 O    no hydrogen  3.052  N/A
1cwp #1 #2.1/B PHE 186 N                      1cwp #1 0 0 0 sym 0 ncs 1 #4.3/A ILE 44 O     no hydrogen  2.974  N/A
1cwp #1 #2.1/B THR 187 N                      1cwp #1 0 0 0 sym 0 ncs 1 #4.3/A GLU 174 OE1  no hydrogen  3.048  N/A
1cwp #1 #2.1/B THR 187 OG1                    1cwp #1 0 0 0 sym 0 ncs 1 #4.3/A GLU 174 OE1  no hydrogen  3.386  N/A
1cwp #1 #2.1/B THR 187 OG1                    1cwp #1 0 0 0 sym 0 ncs 1 #4.3/A GLU 174 OE2  no hydrogen  2.764  N/A
1cwp #1 #2.1/B TYR 190 OH                     1cwp #1 0 0 0 sym 0 ncs 1 #4.3/A ASP 132 OD2  no hydrogen  2.963  N/A
1cwp #1 #2.1/C GLN 29 N                       1cwp #1 0 0 0 sym 0 ncs 5 #4.1/B GLN 29 OE1   no hydrogen  3.463  N/A
1cwp #1 #2.1/C GLN 29 N                       1cwp #1 0 0 0 sym 0 ncs 5 #4.1/B PRO 30 O     no hydrogen  3.179  N/A
1cwp #1 #2.1/C VAL 31 N                       1cwp #1 0 0 0 sym 0 ncs 5 #4.1/B ILE 32 O     no hydrogen  2.810  N/A
1cwp #1 #2.1/C ILE 32 N                       1cwp #1 0 0 0 sym 0 ncs 4 #4.2/B GLN 29 O     no hydrogen  2.937  N/A
1cwp #1 #2.1/C GLU 34 N                       1cwp #1 0 0 0 sym 0 ncs 4 #4.2/B VAL 31 O     no hydrogen  2.935  N/A
1cwp #1 #2.1/C SER 38 OG                      1cwp #1 0 0 0 sym 0 ncs 5 #4.1/B ALA 135 O    no hydrogen  3.075  N/A
1cwp #1 #2.1/C ALA 46 N                       1cwp #1 0 0 0 sym 0 ncs 5 #4.1/C ASP 184 O    no hydrogen  2.783  N/A
1cwp #1 #2.1/C VAL 52 N                       1cwp #1 0 0 0 sym 0 ncs 5 #4.1/C ASP 183 O    no hydrogen  2.669  N/A
1cwp #1 #2.1/C LYS 54 NZ                      1cwp #1 0 0 0 sym 0 ncs 5 #4.1/C SER 185 O    no hydrogen  3.361  N/A
1cwp #1 #2.1/C GLN 121 NE2                    1cwp #1 0 0 0 sym 0 ncs 4 #4.2/B GLY 96 O     no hydrogen  3.255  N/A
1cwp #1 #2.1/C GLN 121 NE2                    1cwp #1 0 0 0 sym 0 ncs 4 #4.2/B GLY 167 O    no hydrogen  3.695  N/A
1cwp #1 #2.1/C LYS 131 NZ                     1cwp #1 0 0 0 sym 0 ncs 4 #4.2/B ASP 132 O    no hydrogen  3.548  N/A
1cwp #1 #2.1/C ARG 179 NE                     1cwp #1 0 0 0 sym 0 ncs 5 #4.1/C ASP 183 OD1  no hydrogen  3.511  N/A
1cwp #1 #2.1/C ARG 179 NH2                    1cwp #1 0 0 0 sym 0 ncs 5 #4.1/C ASP 183 OD1  no hydrogen  3.125  N/A
1cwp #1 #2.1/C PHE 186 N                      1cwp #1 0 0 0 sym 0 ncs 5 #4.1/C ILE 44 O     no hydrogen  2.939  N/A
1cwp #1 #2.1/C THR 187 N                      1cwp #1 0 0 0 sym 0 ncs 5 #4.1/C GLU 174 OE1  no hydrogen  2.972  N/A
1cwp #1 #2.1/C THR 187 OG1                    1cwp #1 0 0 0 sym 0 ncs 5 #4.1/C GLU 174 OE1  no hydrogen  3.388  N/A
1cwp #1 #2.1/C THR 187 OG1                    1cwp #1 0 0 0 sym 0 ncs 5 #4.1/C GLU 174 OE2  no hydrogen  2.647  N/A
1cwp #1 0 0 0 sym 0 ncs 5 #4.1/B GLN 29 NE2   1cwp #1 #2.1/C VAL 27 O                       no hydrogen  2.897  N/A
1cwp #1 0 0 0 sym 0 ncs 5 #4.1/B ILE 32 N     1cwp #1 #2.1/C GLN 29 O                       no hydrogen  3.194  N/A
1cwp #1 0 0 0 sym 0 ncs 5 #4.1/B GLU 34 N     1cwp #1 #2.1/C VAL 31 O                       no hydrogen  3.038  N/A
1cwp #1 0 0 0 sym 0 ncs 5 #4.1/B LYS 42 N     1cwp #1 #2.1/C GLU 34 OE1                     no hydrogen  3.131  N/A
1cwp #1 0 0 0 sym 0 ncs 5 #4.1/B GLN 121 NE2  1cwp #1 #2.1/C GLY 167 O                      no hydrogen  3.651  N/A
1cwp #1 0 0 0 sym 0 ncs 5 #4.1/B GLN 121 NE2  1cwp #1 #2.1/C ASP 168 O                      no hydrogen  3.052  N/A
1cwp #1 0 0 0 sym 0 ncs 5 #4.1/C GLN 29 N     1cwp #1 #2.1/B GLN 29 OE1                     no hydrogen  3.464  N/A
1cwp #1 0 0 0 sym 0 ncs 5 #4.1/C GLN 29 N     1cwp #1 #2.1/B PRO 30 O                       no hydrogen  3.179  N/A
1cwp #1 0 0 0 sym 0 ncs 5 #4.1/C VAL 31 N     1cwp #1 #2.1/B ILE 32 O                       no hydrogen  2.809  N/A
1cwp #1 0 0 0 sym 0 ncs 5 #4.1/C SER 38 OG    1cwp #1 #2.1/B ALA 135 O                      no hydrogen  3.074  N/A
1cwp #1 0 0 0 sym 0 ncs 5 #4.1/C ALA 46 N     1cwp #1 #2.1/C ASP 184 O                      no hydrogen  2.784  N/A
1cwp #1 0 0 0 sym 0 ncs 5 #4.1/C VAL 52 N     1cwp #1 #2.1/C ASP 183 O                      no hydrogen  2.669  N/A
1cwp #1 0 0 0 sym 0 ncs 5 #4.1/C LYS 54 NZ    1cwp #1 #2.1/C SER 185 O                      no hydrogen  3.361  N/A
1cwp #1 0 0 0 sym 0 ncs 5 #4.1/C ARG 179 NE   1cwp #1 #2.1/C ASP 183 OD1                    no hydrogen  3.510  N/A
1cwp #1 0 0 0 sym 0 ncs 5 #4.1/C ARG 179 NH2  1cwp #1 #2.1/C ASP 183 OD1                    no hydrogen  3.123  N/A
1cwp #1 0 0 0 sym 0 ncs 5 #4.1/C PHE 186 N    1cwp #1 #2.1/C ILE 44 O                       no hydrogen  2.938  N/A
1cwp #1 0 0 0 sym 0 ncs 5 #4.1/C THR 187 N    1cwp #1 #2.1/C GLU 174 OE1                    no hydrogen  2.971  N/A
1cwp #1 0 0 0 sym 0 ncs 5 #4.1/C THR 187 OG1  1cwp #1 #2.1/C GLU 174 OE1                    no hydrogen  3.388  N/A
1cwp #1 0 0 0 sym 0 ncs 5 #4.1/C THR 187 OG1  1cwp #1 #2.1/C GLU 174 OE2                    no hydrogen  2.647  N/A
1cwp #1 0 0 0 sym 0 ncs 4 #4.2/A GLN 121 NE2  1cwp #1 #2.1/A GLY 167 O                      no hydrogen  2.963  N/A
1cwp #1 0 0 0 sym 0 ncs 4 #4.2/A GLN 121 NE2  1cwp #1 #2.1/A ASP 168 O                      no hydrogen  3.326  N/A
1cwp #1 0 0 0 sym 0 ncs 4 #4.2/A LYS 131 NZ   1cwp #1 #2.1/A ASN 129 O                      no hydrogen  3.125  N/A
1cwp #1 0 0 0 sym 0 ncs 4 #4.2/A LYS 131 NZ   1cwp #1 #2.1/A LYS 131 O                      no hydrogen  2.426  N/A
1cwp #1 0 0 0 sym 0 ncs 4 #4.2/B GLN 29 N     1cwp #1 #2.1/C PRO 30 O                       no hydrogen  2.912  N/A
1cwp #1 0 0 0 sym 0 ncs 4 #4.2/B VAL 31 N     1cwp #1 #2.1/C ILE 32 O                       no hydrogen  2.705  N/A
1cwp #1 0 0 0 sym 0 ncs 4 #4.2/B SER 38 OG    1cwp #1 #2.1/C VAL 126 O                      no hydrogen  3.248  N/A
1cwp #1 0 0 0 sym 0 ncs 4 #4.2/B SER 38 OG    1cwp #1 #2.1/C ALA 135 O                      no hydrogen  3.481  N/A
1cwp #1 0 0 0 sym 0 ncs 4 #4.2/B ALA 46 N     1cwp #1 #2.1/A ASP 184 O                      no hydrogen  2.669  N/A
1cwp #1 0 0 0 sym 0 ncs 4 #4.2/B VAL 52 N     1cwp #1 #2.1/A ASP 183 O                      no hydrogen  2.615  N/A
1cwp #1 0 0 0 sym 0 ncs 4 #4.2/B LYS 54 NZ    1cwp #1 #2.1/A SER 185 O                      no hydrogen  3.299  N/A
1cwp #1 0 0 0 sym 0 ncs 4 #4.2/B PHE 186 N    1cwp #1 #2.1/A ILE 44 O                       no hydrogen  2.976  N/A
1cwp #1 0 0 0 sym 0 ncs 4 #4.2/B THR 187 N    1cwp #1 #2.1/A GLU 174 OE1                    no hydrogen  3.047  N/A
1cwp #1 0 0 0 sym 0 ncs 4 #4.2/B THR 187 OG1  1cwp #1 #2.1/A GLU 174 OE1                    no hydrogen  3.384  N/A
1cwp #1 0 0 0 sym 0 ncs 4 #4.2/B THR 187 OG1  1cwp #1 #2.1/A GLU 174 OE2                    no hydrogen  2.763  N/A
1cwp #1 0 0 0 sym 0 ncs 4 #4.2/B TYR 190 OH   1cwp #1 #2.1/A ASP 132 OD2                    no hydrogen  2.965  N/A
1cwp #1 0 0 0 sym 0 ncs 1 #4.3/A ALA 46 N     1cwp #1 #2.1/B ASP 184 O                      no hydrogen  2.689  N/A
1cwp #1 0 0 0 sym 0 ncs 1 #4.3/A VAL 52 N     1cwp #1 #2.1/B ASP 183 O                      no hydrogen  2.980  N/A
1cwp #1 0 0 0 sym 0 ncs 1 #4.3/A LYS 54 NZ    1cwp #1 #2.1/B SER 185 O                      no hydrogen  3.349  N/A
1cwp #1 0 0 0 sym 0 ncs 1 #4.3/A PHE 186 N    1cwp #1 #2.1/B ILE 44 O                       no hydrogen  2.846  N/A
1cwp #1 0 0 0 sym 0 ncs 1 #4.3/A THR 187 N    1cwp #1 #2.1/B GLU 174 OE1                    no hydrogen  2.999  N/A
1cwp #1 0 0 0 sym 0 ncs 1 #4.3/A THR 187 OG1  1cwp #1 #2.1/B GLU 174 OE1                    no hydrogen  3.463  N/A
1cwp #1 0 0 0 sym 0 ncs 1 #4.3/A THR 187 OG1  1cwp #1 #2.1/B GLU 174 OE2                    no hydrogen  2.795  N/A
1cwp #1 0 0 0 sym 0 ncs 1 #4.3/C ILE 32 N     1cwp #1 #2.1/B GLN 29 O                       no hydrogen  2.935  N/A
1cwp #1 0 0 0 sym 0 ncs 1 #4.3/C GLU 34 N     1cwp #1 #2.1/B VAL 31 O                       no hydrogen  2.934  N/A
1cwp #1 0 0 0 sym 0 ncs 1 #4.3/C GLN 121 NE2  1cwp #1 #2.1/B GLY 96 O                       no hydrogen  3.255  N/A
1cwp #1 0 0 0 sym 0 ncs 1 #4.3/C GLN 121 NE2  1cwp #1 #2.1/B GLY 167 O                      no hydrogen  3.694  N/A
1cwp #1 0 0 0 sym 0 ncs 1 #4.3/C LYS 131 NZ   1cwp #1 #2.1/B ASP 132 O                      no hydrogen  3.550  N/A

94 hydrogen bonds found

hbonds sel saltOnly true restrict cross reveal true log true
Finding intermodel H-bonds
Finding intramodel H-bonds
Constraints relaxed by 0.4 angstroms and 20 degrees
Models used:
	2.1 1cwp #1
	2.2 1cwp #2
	2.3 1cwp #3
	2.4 1cwp #4
	4.1 1cwp #1 0 0 0 sym 0 ncs 5
	4.2 1cwp #1 0 0 0 sym 0 ncs 4
	4.3 1cwp #1 0 0 0 sym 0 ncs 1
	4.4 1cwp #1 0 0 0 sym 0 ncs 8
	4.5 1cwp #1 0 0 0 sym 3 ncs 27
	4.6 1cwp #1 0 0 0 sym 0 ncs 27
	4.7 1cwp #1 -1 0 0 sym 3 ncs 8
	4.8 1cwp #1 0 0 0 sym 0 ncs 53
	4.9 1cwp #1 0 0 0 sym 3 ncs 16
	4.10 1cwp #1 0 0 0 sym 0 ncs 54
	4.11 1cwp #1 0 0 0 sym 0 ncs 16
	4.12 1cwp #1 -1 0 0 sym 3 ncs 53
	4.13 1cwp #1 -1 0 0 sym 3 ncs 54
	4.14 1cwp #1 -1 0 0 sym 3 ncs 9
	4.15 1cwp #1 0 0 0 sym 0 ncs 9
	4.16 1cwp #1 0 0 0 sym 0 ncs 11
	4.17 1cwp #1 -1 -1 0 sym 3 ncs 4
	4.18 1cwp #1 0 0 0 sym 0 ncs 43
	4.19 1cwp #1 -1 0 0 sym 1 ncs 38
	4.20 1cwp #1 0 0 0 sym 0 ncs 33
	4.21 1cwp #1 0 -1 0 sym 3 ncs 46
	4.22 1cwp #1 0 0 0 sym 0 ncs 38
	4.23 1cwp #1 -1 0 -1 sym 1 ncs 43
	4.24 1cwp #1 0 0 0 sym 0 ncs 46
	4.25 1cwp #1 -1 -1 0 sym 3 ncs 33
	4.26 1cwp #1 0 -1 0 sym 3 ncs 11
	4.27 1cwp #1 0 -1 0 sym 3 ncs 12
	4.28 1cwp #1 0 0 0 sym 0 ncs 12
	4.29 1cwp #1 0 0 0 sym 0 ncs 20
	4.30 1cwp #1 0 0 0 sym 2 ncs 41
	4.31 1cwp #1 0 0 0 sym 0 ncs 22
	4.32 1cwp #1 0 0 0 sym 0 ncs 6
	4.33 1cwp #1 0 0 0 sym 0 ncs 41
	4.34 1cwp #1 0 -1 0 sym 2 ncs 20
	4.35 1cwp #1 0 0 0 sym 0 ncs 26
	4.36 1cwp #1 0 0 0 sym 3 ncs 26
	4.37 1cwp #1 0 0 0 sym 0 ncs 30
	4.38 1cwp #1 0 -1 -1 sym 2 ncs 59
	4.39 1cwp #1 0 0 0 sym 0 ncs 15
	4.40 1cwp #1 0 0 0 sym 3 ncs 15
	4.41 1cwp #1 0 0 0 sym 0 ncs 49
	4.42 1cwp #1 0 0 0 sym 0 ncs 59
	4.43 1cwp #1 0 0 -1 sym 2 ncs 30
	4.44 1cwp #1 0 0 0 sym 2 ncs 49
	4.45 1cwp #1 0 0 0 sym 0 ncs 32
	4.46 1cwp #1 0 0 0 sym 0 ncs 23

4 H-bonds
H-bonds (donor, acceptor, hydrogen, D..A dist, D-H..A dist):
1cwp #1 #2.1/C ARG 179 NE                     1cwp #1 0 0 0 sym 0 ncs 5 #4.1/C ASP 183 OD1  no hydrogen  3.511  N/A
1cwp #1 #2.1/C ARG 179 NH2                    1cwp #1 0 0 0 sym 0 ncs 5 #4.1/C ASP 183 OD1  no hydrogen  3.125  N/A
1cwp #1 0 0 0 sym 0 ncs 5 #4.1/C ARG 179 NE   1cwp #1 #2.1/C ASP 183 OD1                    no hydrogen  3.510  N/A
1cwp #1 0 0 0 sym 0 ncs 5 #4.1/C ARG 179 NH2  1cwp #1 #2.1/C ASP 183 OD1                    no hydrogen  3.123  N/A

4 hydrogen bonds found